0 0.77734375 0.4453125 0.28203125 0.28125
0 0.77109375 0.6265625 0.0765625 0.09375
1 0.859375 0.6421875 0.0984375 0.12734375
5 0.3578125 0.3640625 0.09140625 0.12109375
6 0.27265625 0.7421875 0.23515625 0.28046875
5 0.45859375 0.84140625 0.1453125 0.31640625
4 0.56484375 0.64765625 0.1625 0.2921875
3 0.7171875 0.72734375 0.12421875 0.22109375
2 0.3859375 0.55703125 0.16953125 0.1328125
6 0.3546875 0.46484375 0.06484375 0.0390625
2 0.4359375 0.4375 0.05625 0.06875
1 0.1578125 0.5140625 0.303125 0.22109375
1 0.5234375 0.4296875 0.07421875 0.09609375