1 0.5109375 0.50859375 0.9234375 0.92890625
0 0.18203125 0.70234375 0.22890625 0.3625
0 0.40703125 0.82421875 0.22734375 0.2578125
0 0.2921875 0.259375 0.4125 0.4
0 0.6140625 0.584375 0.1609375 0.29375
0 0.840625 0.5515625 0.15 0.22109375
0 0.65546875 0.21953125 0.20546875 0.1828125
1 0.4984375 0.1640625 0.07890625 0.1921875
0 0.3515625 0.55390625 0.14375 0.2546875
1 0.46875 0.50078125 0.07578125 0.13671875
1 0.79453125 0.3765625 0.21953125 0.08125
1 0.55390625 0.3515625 0.1125 0.1671875
1 0.81796875 0.20625 0.04609375 0.17265625
1 0.65625 0.87890625 0.1609375 0.2390625