2 0.6453125 0.58359375 0.09921875 0.1953125
2 0.78203125 0.66796875 0.1203125 0.16171875
6 0.140625 0.89453125 0.18984375 0.21015625
6 0.36875 0.7 0.2234375 0.15703125
6 0.66484375 0.79296875 0.1546875 0.175
6 0.93515625 0.9171875 0.12890625 0.14765625
5 0.51640625 0.54765625 0.11953125 0.12890625
6 0.48984375 0.37890625 0.08984375 0.15703125
5 0.778125 0.19921875 0.44296875 0.39765625
5 0.38046875 0.12890625 0.3 0.17734375
6 0.76953125 0.49765625 0.078125 0.09296875
5 0.41328125 0.90546875 0.30234375 0.1890625