2 0.77890625 0.2640625 0.3890625 0.28984375
2 0.7640625 0.59453125 0.4015625 0.321875
2 0.74609375 0.8796875 0.3703125 0.240625
2 0.409375 0.14453125 0.25703125 0.17578125
2 0.40234375 0.35 0.24609375 0.16953125
2 0.40859375 0.55625 0.23671875 0.2140625
2 0.4 0.75234375 0.24921875 0.1828125
2 0.384375 0.92890625 0.24765625 0.1421875
2 0.11171875 0.50234375 0.14921875 0.2125
2 0.1015625 0.27421875 0.17421875 0.20703125
2 0.134375 0.73125 0.1375 0.190625
2 0.13046875 0.91953125 0.11640625 0.13515625