5 0.9078125 0.42890625 0.18359375 0.36796875
5 0.73203125 0.3171875 0.159375 0.38359375
2 0.56796875 0.346875 0.1734375 0.20625
6 0.3453125 0.3046875 0.29609375 0.41796875
6 0.0984375 0.33515625 0.196875 0.3390625
6 0.22421875 0.5453125 0.19375 0.096875
6 0.384375 0.6234375 0.11640625 0.20703125
0 0.20546875 0.94453125 0.1265625 0.1109375
3 0.50390625 0.62109375 0.1203125 0.24140625
1 0.60078125 0.59375 0.0640625 0.13984375
0 0.74765625 0.721875 0.2328125 0.490625
4 0.18359375 0.7375 0.26015625 0.290625