6 0.5984375 0.190625 0.02734375 0.08359375
6 0.20234375 0.7234375 0.11796875 0.0859375
6 0.43515625 0.7796875 0.321875 0.09453125
6 0.63828125 0.70859375 0.00546875 0.00078125
6 0.68125 0.7390625 0.059375 0.06015625
6 0.778125 0.66875 0.0578125 0.09453125
6 0.91171875 0.5828125 0.06640625 0.11015625
5 0.41640625 0.9109375 0.21171875 0.11015625
5 0.57734375 0.88984375 0.07421875 0.103125
5 0.6203125 0.796875 0.009375 0.0046875
5 0.9421875 0.7046875 0.103125 0.13515625
5 0.8015625 0.79609375 0.12734375 0.11484375
5 0.0140625 0.20546875 0.02734375 0.00703125
5 0.24921875 0.34609375 0.43046875 0.37109375
6 0.134375 0.6265625 0.0859375 0.1265625