1 0.04921875 0.89765625 0.0984375 0.2046875
1 0.04375 0.13125 0.0875 0.178125
1 0.14296875 0.409375 0.13203125 0.1953125
1 0.31640625 0.11875 0.08984375 0.1875
1 0.56796875 0.171875 0.10234375 0.2421875
1 0.78515625 0.1765625 0.115625 0.209375
1 0.1015625 0.66796875 0.17890625 0.21796875
1 0.21953125 0.73984375 0.07421875 0.2078125
1 0.34375 0.60703125 0.1046875 0.33515625
1 0.47109375 0.6703125 0.1296875 0.35
1 0.2796875 0.925 0.1640625 0.14921875
1 0.60390625 0.79375 0.1015625 0.221875
1 0.4390625 0.93359375 0.109375 0.12578125
1 0.753125 0.45234375 0.10625 0.26015625
1 0.94453125 0.67578125 0.1109375 0.31171875
1 0.83359375 0.90703125 0.19921875 0.18515625